// test comment1
Sxij,Q1,Q2,Q3,T1,T2,T3,T,P1,P2,P3
// test comment2
Q1,0.000607262,0.000286317,0.000320945,0.0213933,-0.00688756,-0.00688756,-0.00688756,0.0010661,-0.000501539,-0.000510858
// test comment3
Q2,0.000286317,0.229045,-0.228759,0.0100867,-0.00324789,-0.00324694,-0.00324739,0.00729176,-0.240647,0.233723
Q3,0.000320945,-0.228759,0.22908,0.0113066,-0.00363967,-0.00364062,-0.00364017,-0.00622566,0.240146,-0.234234
T1,0.0213933,0.0100867,0.0113066,0.99721,0.000898269,0.000898269,0.000898291,0.0375576,-0.0176688,-0.0179971
T2,-0.00688756,-0.00324789,-0.00363967,0.000898269,0.32166,0.32166,0.32166,-0.0120917,0.00568896,0.00579365
T3,-0.00688756,-0.00324694,-0.00364062,0.000898269,0.32166,0.32166,0.32166,-0.0120916,0.00568796,0.00579462
T,-0.00688756,-0.00324739,-0.00364017,0.000898291,0.32166,0.32166,0.32166,-0.0120916,0.00568844,0.00579415
P1,0.0010661,0.00729176,-0.00622566,0.0375576,-0.0120917,-0.0120916,-0.0120916,0.324022,0.313938,0.327991
P2,-0.000501539,-0.240647,0.240146,-0.0176688,0.00568896,0.00568796,0.00568844,0.313938,0.574853,0.0766522
P3,-0.000510858,0.233723,-0.234234,-0.0179971,0.00579365,0.00579462,0.00579415,0.327991,0.0766522,0.561508
